000.000
000.000
000.000
000.000
000.000
000.000
000.000
000.000
000.000
000.000
000.000
000.000
000.000
000.000
000.000
000.000
000.000
000.000
000.000
000.000
000.000
000.000
000.000
000.000
000.000
000.000
000.000
000.000
000.000
000.000
000.000
000.000
000.000
000.000
000.000
000.000
000.000
000.000
000.000
000.000
000.000
000.000
000.000
000.000
000.000
000.000
000.000
000.000
000.100
000.100
000.100
000.200
000.200
000.200
000.300
000.300
000.300
000.400
000.400
000.400
000.500
000.500
000.500
000.600
000.600
000.600
000.650
000.650
000.650
000.690
000.690
000.710
000.710
000.720
000.720
000.680
000.680
000.660
000.640
000.640
000.630
000.620
000.620
000.610
000.610
000.610
000.610
000.610
000.610
000.610
000.600
000.600
000.600
000.600
000.590
000.590
000.590
000.590
000.590
000.580
000.580
000.580
000.580
000.580
000.570
000.570
000.570
000.570
000.560
000.560
000.560
000.560
000.560
000.560
000.560
000.560
000.560
000.560
000.550
000.550
000.550
000.550
000.550
000.550
000.550
000.550
000.550
000.550
000.550
000.550
000.550
000.550
000.550
000.550
000.550
000.550
000.550
000.540
000.540
000.540
000.540
000.540
000.540
000.540
000.540
000.540
000.540
000.540
000.540
000.540
000.540
000.540
000.540
000.540
000.540
000.540
000.530
000.530
000.530
000.530
000.530
000.530
000.530
000.530
000.530
000.530
000.530
000.530
000.530
000.530
000.530
000.530
000.530
000.530
000.530
000.530
000.530
000.530
000.530
000.530
000.530
000.530
000.530
000.530
000.530
000.520
000.520
000.520
000.520
000.520
000.520
000.520
000.520
000.520
000.520
000.520
000.520
000.520
000.520
000.520
000.520
000.520
000.520
000.520
000.520
000.520
000.520
000.520
000.520
000.520
000.520
000.520
000.520
000.520
000.520
000.520
000.520
000.520
000.520
000.520
000.520
000.520
000.520
000.520
000.520
000.520
000.520
000.520
000.520
000.520
000.520
000.520
000.520
000.520
000.520
000.510
000.510
000.500
000.500
000.490
000.490
000.470
000.470
000.440
000.440
000.400
000.400
000.350
000.350
000.370
000.410
000.440
000.470
000.500
000.530
000.560
000.590
000.630
000.670
000.710
000.750
000.740
000.730
000.720
000.690
000.660
000.630
000.600
000.570
000.540
000.510
000.480
000.450
000.420
000.390
000.360
000.330
000.300
000.270
000.240
000.210
000.180
000.150
000.120
000.090
000.090
000.090
000.090
000.100
000.100
000.100
000.090
000.090
000.090
000.080
000.080
000.080
000.070
000.070
000.070